double pre_pi[3] = {1,9.56820074913016E-77,1.81858419938713E-41}
double pre_a[3][3] = {{0.938655874201866,0.128135097379301,0.195148174983384},{0.0347142240780744,0.869569485812218,3.22171776979643E-25},{0.0266299017200585,0.00229541680848012,0.804851825016615}};
double pre_b[8][3] = {
    {2.05436603274678E-15,0.0125713759559856,5.05122127258106E-13},
    {2.52998394807497E-22,0.114285235965998,2.22910357695258E-27},
    {2.27719498162092E-07,0.873138340658857,2.53255883998954E-25},
    {0.999999772280499,5.04741915858667E-06,0.00287017823161201},
    {5.84207610274566E-21,3.58200708685093E-37,0.98198902187119},
    {7.82574783508609E-51,1.45012517083579E-169,0.0151407998966923},
    {0,0,0},
    {0,0,0}}

double fall_pi[3] = {1,2.02885E-62,1.4382E-69}
double fall_a[3][3]={{0.847339186,0.094980361,0.117705798},{0.075112028,0.883376935,0.029549676},{0.077548786,0.021642704,0.852744525}}
double fall_b[8][3]={
    {1.16527E-35,3.66807E-31,0.015534493},
    {1.76139E-20,0.000531981,0.166125668},
    {5.75741E-07,6.65886E-05,0.81833829},
    {0.999946355,0.000510303,1.5493E-06},
    {5.3069E-05,0.465112339,3.67054E-12},
    {1.87443E-14,0.273749465,1.1375E-11},
    {1.3259E-10,0.221482264,3.84995E-25},
    {1.53108E-27,0.038547061,1.69949E-30}}

double run_pi[3] = {5.23E-193,1,8.79E-132}
double run_a[3][3] = {{0.911397594,0.004520484,0.117142582},{0.016535984,0.928022794,0.105564851},{0.072066422,0.067456722,0.777292568}}
double run_b[8][3] = {
    {0.376659084,2.89177E-36,7.32707E-22},
    {0.623340916,0.0000000000177971,0.000132496},
    {4.75775E-11,2.94127E-19,0.579184439},
    {1.64936E-22,5.24812E-05,0.420680016},
    {3.64058E-23,0.329060907,3.04952E-06},
    {2.42714E-31,0.497695775,2.88081E-15},
    {5.99981E-26,0.173190837,6.12921E-17},
    {0,0,0}}

double walk_pi[3] = {2.45745831800545E-45,2.25192611683558E-40,1}
double walk_a[3][3] = {{0.777348081444185,0.0118357970789014,0.0272089644609494},{0.00793858230229759,0.683395743532849,0.0120958853175811},{0.214713336
,0.3047684593882496,0.960695150221469}}
double walk_b[8][3] = {{0,0,0},
        {2.63873257300013E-52,0.0470349497969928,8.40201010725082E-65},
        {7.40129264532585E-19,0.821896779733416,0.0000501780634863335},
        {0.0000396547293400354,0.00172212156985153,0.999949821936006},
        {0.999960345270659,3.69580086405913E-08,5.07579925493908E-13},
        {1.30006201667336E-17,0.105828637043233,9.75542647139237E-38},
        {1.13896012436014E-52,0.0235174748984964,8.21448865573852E-66},
        {0,0,0}}
